day <-
c(0, 1, 2, 3, 4, 5, 6, 7, 8, 9, 10, 11, 12, 13, 14, 15, 16, 17, 
18, 19, 20, 21, 22, 23, 24, 25, 26, 27, 28, 29, 30, 31, 32, 33, 
34, 35, 36)
cases <-
c(13, 3, 2, 9, 23, 42, 20, 34, 42, 73, 147, 181, 176, 135, 91, 
340, 579, 730, 967, 1399, 1287, 930, 2002, 3006, 3486, 3953, 
3996, 3240, 2274, 3621, 4751, 5548, 5763, 5967, 4687, 3037, 3860
)
deaths <-
c(0, 0, 0, 0, 0, 0, 0, 0, 0, 0, 2, 1, 2, 3, 0, 4, 3, 5, 9, 12, 
12, 8, 19, 25, 37, 31, 70, 43, 42, 59, 58, 65, 83, 80, 63, 29, 
46)
N <-
37L
tau_t <-
7
tau_delta <-
17
delta <-
0.01
