day <-
c(0, 1, 2, 3, 4, 5, 6, 7, 8, 9, 10, 11, 12, 13, 14, 15, 16, 17, 
18, 19, 20, 21, 22, 23, 24, 25, 26, 27, 28, 29, 30, 31, 32)
cases <-
c(13, 3, 2, 9, 23, 43, 20, 35, 42, 72, 147, 180, 174, 136, 90, 
338, 579, 724, 960, 1386, 1278, 924, 1976, 2909, 3407, 3919, 
3964, 3227, 2265, 3573, 4684, 5478, 5577)
deaths <-
c(0, 0, 0, 0, 0, 0, 0, 0, 0, 0, 2, 1, 1, 2, 0, 4, 3, 5, 9, 11, 
12, 7, 18, 21, 31, 27, 62, 33, 31, 48, 44, 52, 48)
N <-
33L
tau_t <-
7
tau_delta <-
17
delta <-
0.01
