alpha0 <-
0.1
beta <-
0.1
I0 <-
10
gamma <-
0.5
